;本音色转换表仅适用于以thfm.ff作为音色的文件，仅供参考。你可以到 http://bbs.nyasama.com/forum.php?mod=viewthread&tid=69065 下载该音色表。
;128表示原音色表中不存在或未收录该编号的音色
67
33
5
64
38
42
0
27
30
83
128
30
3
128
48
128
28
27
128
128
128
128
28
57
128
128
128
29
128
38
40
128
27
128
128
128
27
27
128
34
128
128
26
81
128
128
128
57
24
50
43
29
128
128
20
128
5
128
128
1
5
128
18
17
128
84
128
66
67
35
128
116
30
128
24
24
112
32
128
51
66
128
128
128
128
128
128
128
128
128
128
38
128
128
25
128
25
74
7
81
41
1
128
128
128
128
128
128
128
128
128
128
128
128
128
128
128
128
128
128
128
117
115
108
6
128
128
128
128
128
128
128
128
128
128
128
128
128
128
128
128
128
128
128
128
128
128
128
128
128
117
128
128
128
128
128
128
128
128
128
84
128
128
128
1
128
29
128
128
113
128
128
128
128
128
128
128
128
128
128
128
80
67
128
128
39
128
128
128
128
128
128
26
128
128
128
128
128
71
1
22
128
58
128
128
128
128
128
128
128
92
128
128
128
128
128
128
128
128
128
115
128
27
108
128
128
128
128
128
108
108
128
128
128
108
108
115
115
128
128
128
115
115
108
128
128
128
128
128
128
57
16
18